   54 base-pairs
...     1 A-T ...
    0.0000    0.0000    0.0000
    1.0000    0.0000    0.0000
    0.0000    1.0000    0.0000
    0.0000    0.0000    1.0000
...     2 A-T ...
    0.0208   -0.1586    3.2732
    0.8160    0.5776   -0.0224
   -0.5780    0.8156   -0.0266
    0.0029    0.0346    0.9994
...     3 A-T ...
    0.1389   -0.1627    6.5482
    0.3319    0.9416   -0.0560
   -0.9432    0.3304   -0.0353
   -0.0147    0.0645    0.9978
...     4 T-A ...
    0.6450   -0.0213    9.9437
   -0.2052    0.9778   -0.0428
   -0.9786   -0.2057   -0.0077
   -0.0163    0.0403    0.9991
...     5 T-A ...
    0.7826    0.3057   13.2016
   -0.7331    0.6787   -0.0448
   -0.6802   -0.7311    0.0538
    0.0038    0.0699    0.9975
...     6 T-A ...
    0.8380    0.8032   16.4402
   -0.9914    0.1308   -0.0108
   -0.1312   -0.9858    0.1051
    0.0031    0.1056    0.9944
...     7 G-C ...
    0.5492    0.9263   19.8142
   -0.8824   -0.4682   -0.0467
    0.4599   -0.8792    0.1241
   -0.0992    0.0881    0.9912
...     8 T-A ...
   -0.0356    1.7529   23.1010
   -0.5105   -0.8598    0.0130
    0.8517   -0.5035    0.1452
   -0.1183    0.0851    0.9893
...     9 T-A ...
   -0.6928    2.0146   26.3008
    0.0765   -0.9931    0.0892
    0.9853    0.0890    0.1459
   -0.1529    0.0767    0.9853
...    10 T-A ...
   -1.4041    2.0939   29.4988
    0.6328   -0.7593    0.1518
    0.7540    0.6489    0.1024
   -0.1762    0.0496    0.9831
...    11 G-C ...
   -1.6248    2.2350   32.8773
    0.9641   -0.2516    0.0853
    0.2501    0.9678    0.0285
   -0.0897   -0.0062    0.9960
...    12 A-T ...
   -2.0826    2.2209   36.2069
    0.9385    0.3451    0.0140
   -0.3446    0.9383   -0.0303
   -0.0236    0.0236    0.9994
...    13 A-T ...
   -2.0858    2.1566   39.4834
    0.5673    0.8230   -0.0284
   -0.8229    0.5651   -0.0594
   -0.0328    0.0571    0.9978
...    14 T-A ...
   -1.6811    2.1305   42.8953
    0.0579    0.9978   -0.0318
   -0.9975    0.0566   -0.0426
   -0.0407    0.0342    0.9986
...    15 T-A ...
   -1.5788    2.3808   46.1613
   -0.5291    0.8467   -0.0559
   -0.8484   -0.5289    0.0190
   -0.0135    0.0575    0.9983
...    16 T-A ...
   -1.5107    2.8174   49.4085
   -0.9221    0.3848   -0.0401
   -0.3869   -0.9184    0.0831
   -0.0048    0.0922    0.9957
...    17 T-A ...
   -1.5787    3.3854   52.6353
   -0.9760   -0.2174    0.0100
    0.2169   -0.9680    0.1262
   -0.0178    0.1253    0.9920
...    18 G-C ...
   -1.8392    3.4872   56.0123
   -0.6686   -0.7434   -0.0174
    0.7357   -0.6648    0.1294
   -0.1078    0.0737    0.9914
...    19 A-T ...
   -2.1227    3.8710   59.3392
   -0.1212   -0.9926   -0.0123
    0.9863   -0.1218    0.1112
   -0.1118    0.0013    0.9937
...    20 G-C ...
   -2.6874    3.6281   62.6760
    0.4420   -0.8970   -0.0095
    0.8937    0.4394    0.0908
   -0.0773   -0.0486    0.9958
...    21 C-G ...
   -2.9857    3.4015   66.0359
    0.8702   -0.4916    0.0324
    0.4877    0.8690    0.0837
   -0.0693   -0.0571    0.9960
...    22 A-T ...
   -3.1680    3.3823   69.4195
    0.9944    0.1028   -0.0245
   -0.1005    0.9917    0.0803
    0.0325   -0.0774    0.9965
...    23 A-T ...
   -3.0249    2.9737   72.6679
    0.7526    0.6584    0.0041
   -0.6577    0.7514    0.0532
    0.0319   -0.0428    0.9986
...    24 A-T ...
   -2.8005    2.7283   75.9281
    0.2336    0.9723    0.0118
   -0.9723    0.2334    0.0144
    0.0113   -0.0148    0.9998
...    25 T-A ...
   -2.2011    2.6576   79.3106
   -0.3038    0.9519    0.0409
   -0.9527   -0.3040   -0.0003
    0.0122   -0.0390    0.9992
...    26 T-A ...
   -1.9912    2.7438   82.5798
   -0.7986    0.6012    0.0278
   -0.6011   -0.7991    0.0115
    0.0292   -0.0075    0.9995
...    27 T-A ...
   -1.8808    2.9921   85.8457
   -0.9993    0.0287    0.0240
   -0.0280   -0.9992    0.0287
    0.0248    0.0281    0.9993
...    28 A-T ...
   -1.9362    3.0136   89.1853
   -0.8212   -0.5683   -0.0507
    0.5671   -0.8228    0.0375
   -0.0630    0.0020    0.9980
...    29 A-T ...
   -2.2495    3.1389   92.4450
   -0.3412   -0.9391   -0.0421
    0.9389   -0.3426    0.0334
   -0.0457   -0.0281    0.9986
...    30 A-T ...
   -2.5552    3.0817   95.7073
    0.2649   -0.9635   -0.0374
    0.9642    0.2641    0.0250
   -0.0142   -0.0427    0.9990
...    31 T-A ...
   -3.1045    2.6847   99.0757
    0.7257   -0.6880    0.0043
    0.6875    0.7254    0.0342
   -0.0267   -0.0219    0.9994
...    32 T-A ...
   -3.2374    2.3440  102.3324
    0.9897   -0.1419    0.0179
    0.1406    0.9882    0.0608
   -0.0263   -0.0577    0.9980
...    33 T-A ...
   -3.2049    1.9097  105.5804
    0.8890    0.4558    0.0444
   -0.4579    0.8859    0.0746
   -0.0053   -0.0866    0.9962
...    34 G-C ...
   -3.1105    1.9793  108.9670
    0.4621    0.8866   -0.0194
   -0.8841    0.4623    0.0676
    0.0689   -0.0141    0.9975
...    35 T-A ...
   -2.3687    1.6382  112.3078
   -0.0692    0.9976    0.0066
   -0.9941   -0.0695    0.0828
    0.0831   -0.0008    0.9965
...    36 T-A ...
   -1.8822    1.8029  115.5444
   -0.6316    0.7738    0.0479
   -0.7679   -0.6329    0.0990
    0.1069    0.0258    0.9939
...    37 T-A ...
   -1.4546    2.1483  118.7751
   -0.9598    0.2654    0.0909
   -0.2577   -0.9622    0.0883
    0.1109    0.0613    0.9919
...    38 G-C ...
   -1.4062    2.1645  122.1633
   -0.9398   -0.3407    0.0268
    0.3417   -0.9384    0.0521
    0.0074    0.0581    0.9983
...    39 A-T ...
   -1.2481    2.4429  125.5090
   -0.5759   -0.8173   -0.0206
    0.8170   -0.5763    0.0224
   -0.0302   -0.0040    0.9995
...    40 A-T ...
   -1.4884    2.5043  128.7767
    0.0026   -0.9997   -0.0263
    1.0000    0.0025    0.0036
   -0.0035   -0.0263    0.9996
...    41 T-A ...
   -2.0505    2.3027  132.1604
    0.5203   -0.8540    0.0027
    0.8539    0.5203    0.0102
   -0.0101   -0.0030    0.9999
...    42 T-A ...
   -2.1984    2.0451  135.4240
    0.9182   -0.3961    0.0027
    0.3956    0.9174    0.0421
   -0.0192   -0.0376    0.9991
...    43 T-A ...
   -2.2114    1.6538  138.6776
    0.9780    0.2074    0.0212
   -0.2083    0.9757    0.0682
   -0.0065   -0.0711    0.9974
...    44 T-A ...
   -2.0368    1.2316  141.9227
    0.6776    0.7336    0.0513
   -0.7350    0.6735    0.0787
    0.0232   -0.0910    0.9956
...    45 G-C ...
   -1.9779    1.3028  145.3101
    0.1287    0.9916   -0.0114
   -0.9894    0.1291    0.0670
    0.0679    0.0026    0.9977
...    46 A-T ...
   -1.7371    1.1547  148.6591
   -0.4625    0.8855   -0.0433
   -0.8861   -0.4601    0.0564
    0.0300    0.0645    0.9975
...    47 G-C ...
   -1.6214    1.6823  152.0088
   -0.8710    0.4868   -0.0655
   -0.4905   -0.8693    0.0618
   -0.0268    0.0859    0.9959
...    48 C-G ...
   -1.7166    2.0451  155.3686
   -0.9955   -0.0900   -0.0303
    0.0870   -0.9920    0.0914
   -0.0382    0.0884    0.9954
...    49 A-T ...
   -1.7910    2.1713  158.7540
   -0.7568   -0.6498   -0.0710
    0.6399   -0.7587    0.1224
   -0.1334    0.0472    0.9899
...    50 A-T ...
   -2.3449    2.4327  161.9734
   -0.2450   -0.9695   -0.0094
    0.9629   -0.2444    0.1146
   -0.1134    0.0191    0.9934
...    51 A-T ...
   -2.8739    2.5138  165.2065
    0.3588   -0.9327    0.0363
    0.9299    0.3605    0.0725
   -0.0807    0.0078    0.9967
...    52 T-A ...
   -3.6194    2.2381  168.5493
    0.7867   -0.6105    0.0919
    0.6100    0.7916    0.0367
   -0.0951    0.0272    0.9951
...    53 T-A ...
   -3.9489    2.0545  171.8046
    0.9950   -0.0407    0.0908
    0.0398    0.9991    0.0121
   -0.0912   -0.0084    0.9958
...    54 T-A ...
   -4.1046    1.7940  175.0676
    0.8354    0.5444    0.0757
   -0.5455    0.8381   -0.0073
   -0.0674   -0.0352    0.9971
