0.0 3.822321 6.970102 10.291185 12.742654 15.603691 16.760403 17.720287 20.991937 21.419991 25.03227 25.207044 23.881076 22.467528 19.336908 18.074954 17.884812 14.82961 14.819455 13.37154 11.957689 10.671743 7.264379 6.761923 5.84795 7.247101 10.518668 12.821856 14.369054 13.113764 15.88345 16.086403 17.3963 16.152574 13.289653 13.099377 10.153371 11.009939 11.025504 11.107657 14.006508 16.722187 15.278458 16.32999 15.524532 15.435116 15.327139 13.251182 15.073276 13.577525 15.645915 14.168996 10.470579 9.048165 6.537088 6.434926 
3.822321 0.0 3.822569 7.013274 9.15418 12.138122 13.670916 14.51222 18.005408 18.630872 22.367169 22.915869 22.084208 20.723942 17.304709 16.191581 15.489648 12.555095 12.296825 10.665272 10.131836 9.426495 6.998632 6.24215 6.659247 6.78431 10.548017 12.300118 12.98648 11.747292 13.820153 13.268917 14.520401 13.455407 11.212731 11.648087 9.156105 11.043628 11.21212 12.459159 14.922351 17.352335 15.992071 16.186166 14.926174 13.909894 13.210289 10.490769 11.791376 10.195123 11.924957 10.428855 6.694479 5.458314 4.16808 4.87308 
6.970102 3.822569 0.0 3.824246 5.902202 8.800531 10.51446 12.053673 15.503464 16.804979 20.582687 21.69082 21.14431 20.346053 16.669466 15.074379 13.549267 10.333755 9.175176 6.986404 6.76265 6.943675 6.104949 6.61804 8.842417 9.317776 13.100014 14.885919 15.187733 14.279922 15.653541 14.179107 15.032015 13.82352 12.419751 12.759874 10.288052 12.066715 11.410131 13.110673 14.687775 17.159941 16.478117 16.283924 15.351518 13.700511 13.171739 9.854309 10.973928 10.0455 10.725594 8.341525 5.279824 5.206723 6.206723 5.578545 
10.291185 7.013274 3.824246 0.0 3.825495 5.401404 6.756216 8.310085 11.736638 13.298393 17.066736 18.513276 18.310037 17.851209 14.057614 12.359889 10.259373 7.28472 5.98452 4.476093 6.331336 6.519626 7.366241 7.416212 10.33644 10.421765 13.836831 15.452879 15.417702 15.209638 16.020922 13.840244 13.863738 12.280536 11.716538 11.934064 9.98577 11.959636 11.261822 13.811623 14.777323 16.6615 16.184693 15.200369 14.16436 11.780212 11.188415 7.602182 8.616904 8.846523 8.979384 5.662928 4.26587 6.616843 9.098247 9.120958 
12.742654 9.15418 5.902202 3.825495 0.0 3.823654 7.125535 8.799648 12.305475 14.384828 18.086946 20.082743 20.529193 20.118301 16.304864 14.967052 12.331028 9.935431 7.836512 5.373136 7.761491 9.471187 10.737594 11.130748 13.763499 13.335058 16.714759 17.710662 16.926439 16.24134 16.264639 13.546558 13.984102 13.291999 13.554491 14.607708 13.278226 15.631234 15.082056 17.58741 18.436904 20.353117 19.974527 18.805061 17.560898 14.787093 13.560481 9.753131 9.250642 8.891475 7.447348 4.62135 4.655178 6.333493 9.666875 9.554777 
15.603691 12.138122 8.800531 5.401404 3.823654 0.0 3.817731 5.899764 8.946889 11.588437 15.080145 17.512331 18.275698 18.404649 14.678541 13.149138 9.92804 8.184677 5.913626 4.900274 8.535382 9.953095 12.159449 12.44123 15.472854 15.127511 18.148164 19.207208 18.416888 18.415436 18.198524 15.127019 14.653266 13.486026 14.388864 15.025951 14.021525 16.130456 15.382437 18.289572 18.533686 19.940817 19.884428 18.191668 17.111962 13.953991 12.987865 9.482899 9.014948 10.095559 8.32139 4.915584 7.032386 9.788342 13.20599 13.219698 
16.760403 13.670916 10.51446 6.756216 7.125535 3.817731 0.0 3.837014 5.93226 8.871895 12.184626 14.635618 15.185155 15.879158 12.308587 10.244912 6.67105 5.363665 3.616192 5.360356 9.046305 9.38334 12.049048 12.12437 15.406 15.420629 18.058189 19.482087 19.13245 19.829776 19.899808 16.971139 15.727171 13.729706 14.58575 14.368074 13.339702 14.864998 13.838468 16.981522 16.6879 17.560572 17.797113 15.771409 15.066349 11.896198 11.705534 8.893935 9.444234 11.705991 10.705108 7.114688 9.19346 12.489665 15.601827 15.681982 
17.720287 14.51222 12.053673 8.310085 8.799648 5.899764 3.837014 0.0 3.823703 5.702224 9.303946 11.63223 12.696186 12.966642 9.463104 8.411945 5.248637 5.959628 6.561916 8.6814 12.287126 11.963808 13.893799 12.895413 15.570027 14.808944 16.837291 17.738898 17.05184 18.252377 17.997719 14.988448 13.059667 10.879719 12.390761 12.381846 12.357113 14.373497 14.262212 17.830829 17.941451 18.19992 17.804013 15.170855 13.715143 10.083093 9.151632 6.873468 6.891268 9.993795 9.36982 6.486155 9.22818 12.959135 16.186116 17.133826 
20.991937 18.005408 15.503464 11.736638 12.305475 8.946889 5.93226 3.823703 0.0 3.824818 6.431291 9.450057 10.920506 12.166069 9.345541 8.138179 4.947016 7.302386 8.299596 11.180804 14.663277 14.12599 16.437314 15.538227 18.289967 17.769974 19.401614 20.397391 19.868493 21.494596 21.192159 18.201033 15.801442 13.390031 15.107679 14.577047 14.751972 16.192594 15.858522 19.441645 18.958964 18.622437 18.607322 15.614919 14.571085 11.077079 10.854732 9.71203 10.028732 13.477262 12.841489 10.24551 13.033677 16.768971 19.935061 20.756827 
21.419991 18.630872 16.804979 13.298393 14.384828 11.588437 8.871895 5.702224 3.824818 0.0 3.822816 6.01108 7.802827 8.610611 6.187407 6.283265 4.912424 8.397457 10.696574 13.761684 17.050146 15.847734 17.487745 15.790939 17.921831 16.98473 17.889915 18.602387 18.122875 20.321612 20.064049 17.39746 14.42748 11.616804 13.452079 12.670254 13.623694 15.118238 15.539865 19.295209 19.164804 18.250074 17.640556 14.222795 12.624693 9.119477 8.688048 8.87144 9.411533 13.208566 13.414975 11.419803 13.888382 17.694591 20.605449 21.990449 
25.03227 22.367169 20.582687 17.066736 18.086946 15.080145 12.184626 9.303946 6.431291 3.822816 0.0 3.825601 6.803736 8.546807 7.786848 8.359323 7.87829 11.620145 13.938387 17.199447 20.437138 19.142048 20.888098 19.177127 21.190472 20.287289 20.768531 21.367468 20.915972 23.430158 23.045378 20.454442 17.184356 14.449588 16.449876 15.45835 16.705247 17.829579 18.271815 21.939554 21.493291 20.033245 19.571859 15.935513 14.587139 11.555271 11.499966 12.428206 12.883494 16.680504 16.837963 15.11011 17.688694 21.489402 24.38738 25.804549 
25.207044 22.915869 21.69082 18.513276 20.082743 17.512331 14.635618 11.63223 9.450057 6.01108 3.825601 0.0 3.820219 5.356296 6.217543 7.789914 9.050313 12.792169 15.81057 19.203466 22.134466 20.263236 21.458682 19.253851 20.718015 19.731092 19.534649 20.096245 20.005113 22.969793 22.902128 20.82863 17.33448 14.249786 15.827214 14.330956 15.94751 16.752189 17.68693 21.263772 21.042472 19.07327 18.167181 14.368081 12.819636 10.40865 10.698854 12.757247 13.753825 17.492455 18.419774 16.884424 18.916262 22.629984 25.132965 26.83163 
23.881076 22.084208 21.14431 18.310037 20.529193 18.275698 15.185155 12.696186 10.920506 7.802827 6.803736 3.820219 0.0 3.822105 5.390626 6.176762 8.714035 12.03264 15.479426 19.039799 21.466453 19.043834 19.927328 17.63966 18.919047 18.407008 17.976843 19.090593 19.727944 22.816751 23.378649 21.731105 18.427804 14.910051 15.574141 13.23796 14.380008 14.402327 15.231984 18.562259 18.230978 15.872105 14.939407 11.15081 10.085978 8.579734 10.104738 12.636011 14.608199 18.215304 19.677143 17.762491 19.129805 22.716169 24.779511 26.329291 
22.467528 20.723942 20.346053 17.851209 20.118301 18.404649 15.879158 12.966642 12.166069 8.610611 8.546807 5.356296 3.822105 0.0 3.821865 6.630966 9.694054 12.649252 16.272636 19.4649 21.870282 19.374373 19.62857 16.77731 17.392198 16.276595 15.324264 15.963861 16.508782 19.82925 20.409154 19.129933 15.748005 12.228222 12.765961 10.560435 12.489525 13.042708 14.796913 18.19415 18.652143 16.498178 14.701686 10.951241 8.69719 7.21672 7.860142 11.124271 12.952102 16.261121 18.249524 16.88153 17.911726 21.295539 23.127475 25.138894 
19.336908 17.304709 16.669466 14.057614 16.304864 14.678541 12.308587 9.463104 9.345541 6.187407 7.786848 6.217543 5.390626 3.821865 0.0 3.818045 6.473515 9.182705 12.733776 15.763265 18.261847 15.967727 16.353606 13.629441 14.666477 13.567131 13.380919 14.257946 14.63373 17.541518 18.122845 16.508525 13.39063 9.727705 10.265811 8.242446 9.772715 10.874076 12.393072 16.072295 16.647519 15.167845 13.513959 9.877721 7.390475 4.459915 4.763474 7.495255 9.574126 13.000233 14.864884 13.196346 14.217496 17.690326 19.697575 21.567966 
18.074954 16.191581 15.074379 12.359889 14.967052 13.149138 10.244912 8.411945 8.138179 6.283265 8.359323 7.789914 6.176762 6.630966 3.818045 0.0 3.79622 6.188202 9.90174 13.280032 15.501842 13.018582 13.860517 11.725272 13.532144 13.389621 13.949151 15.674247 16.496624 18.955973 19.886174 18.132425 15.501766 11.853652 11.839993 9.409007 9.401577 9.674564 10.029794 13.690455 13.641991 12.317652 11.424683 7.940477 6.767115 3.996641 6.261359 7.611641 10.454689 13.821027 15.354447 12.824196 13.646462 17.145652 19.116541 20.350314 
17.884812 15.489648 13.549267 10.259373 12.331028 9.92804 6.67105 5.248637 4.947016 4.912424 7.87829 9.050313 8.714035 9.694054 6.473515 3.79622 0.0 3.80841 6.865506 10.381312 13.106977 11.354562 13.073945 11.730362 14.334201 14.293353 15.71689 17.355255 17.680008 19.581006 20.131133 17.809381 15.476627 12.277196 12.810004 11.221461 10.796974 11.580865 11.177503 14.80891 14.435282 13.884732 13.669134 10.702035 9.913842 6.758378 7.846281 7.355258 9.530992 12.939766 13.585598 10.59765 12.047564 15.711944 18.192636 19.035773 
14.82961 12.555095 10.333755 7.28472 9.935431 8.184677 5.363665 5.959628 7.302386 8.397457 11.620145 12.792169 12.03264 12.649252 9.182705 6.188202 3.80841 0.0 3.802643 7.181471 9.459776 7.555327 9.469423 8.743105 11.920119 12.522498 14.69114 16.807641 17.419844 18.736974 19.67694 17.506109 15.908138 12.931336 12.712592 11.175039 9.575248 10.175901 8.974174 12.356762 12.046167 12.44677 12.513178 10.438759 10.140363 7.54355 8.803408 7.095387 9.706634 12.327 12.978311 9.47451 10.047965 13.366339 15.578807 15.904147 
14.819455 12.296825 9.175176 5.98452 7.836512 5.913626 3.616192 6.561916 8.299596 10.696574 13.938387 15.81057 15.479426 16.272636 12.733776 9.90174 6.865506 3.802643 0.0 3.815714 6.542462 6.076253 9.087093 9.728251 13.355468 14.208652 17.016332 19.084015 19.413636 20.080213 20.814699 18.360298 17.343355 14.969745 14.923695 14.024821 12.113315 12.877825 11.122486 13.917405 13.358645 14.579954 15.179722 13.710528 13.685265 11.196558 11.940695 9.322558 11.049419 13.023492 12.772828 8.964165 9.64427 12.556958 15.003482 14.590348 
13.37154 10.665272 6.986404 4.476093 5.373136 4.900274 5.360356 8.6814 11.180804 13.761684 17.199447 19.203466 19.039799 19.4649 15.763265 13.280032 10.381312 7.181471 3.815714 0.0 3.820273 5.50477 8.407887 9.919966 13.492084 14.364554 17.702881 19.640483 19.750313 19.680119 20.356449 17.906153 17.675495 15.950612 15.750979 15.4932 13.331919 14.453755 12.699595 14.960436 14.809547 16.798266 17.317951 16.406887 16.227527 13.873517 14.056781 10.78096 11.857701 12.769008 12.041896 8.393861 8.419869 10.455959 12.859633 11.813508 
11.957689 10.131836 6.76265 6.331336 7.761491 8.535382 9.046305 12.287126 14.663277 17.050146 20.437138 22.134466 21.466453 21.870282 18.261847 15.501842 13.106977 9.459776 6.542462 3.820273 0.0 3.821254 6.595684 9.425172 12.956725 14.661103 18.195034 20.572606 21.174954 20.792409 21.98592 20.004778 20.194915 18.457106 17.574511 17.022709 14.187718 14.663802 12.318512 13.642683 13.408464 16.101755 16.951549 16.892598 17.260301 15.635918 16.288482 13.196032 14.743553 15.14919 14.837658 11.425306 10.33067 11.31646 12.708439 10.717421 
10.671743 9.426495 6.943675 6.519626 9.471187 9.953095 9.38334 11.963808 14.12599 15.847734 19.142048 20.263236 19.043834 19.374373 15.967727 13.018582 11.354562 7.555327 6.076253 5.50477 3.821254 0.0 3.821623 6.501648 10.218544 12.430094 15.654337 18.454035 19.614991 19.733566 21.387681 19.773159 19.566591 17.260769 15.891509 14.621979 11.445106 11.263995 8.592591 9.971593 9.74983 12.369288 13.138718 13.26039 13.93084 12.831311 14.120052 11.6332 14.06614 14.88935 15.456059 11.960568 10.527319 11.976529 12.937374 11.573306 
7.264379 6.998632 6.104949 7.366241 10.737594 12.159449 12.049048 13.893799 16.437314 17.487745 20.888098 21.458682 19.927328 19.62857 16.353606 13.860517 13.073945 9.469423 9.087093 8.407887 6.595684 3.821623 0.0 3.820875 6.963588 9.708201 12.970559 16.000982 17.598192 17.532909 19.723302 18.750972 18.876908 16.630871 14.512593 13.163377 9.589146 9.236657 6.978978 7.703056 8.836986 11.801437 11.766444 12.544959 12.954345 12.546905 13.72507 11.537227 14.221029 14.438914 15.777144 12.791495 10.337525 11.063522 10.977518 9.864156 
6.761923 6.24215 6.61804 7.416212 11.130748 12.44123 12.12437 12.895413 15.538227 15.790939 19.177127 19.253851 17.63966 16.77731 13.629441 11.725272 11.730362 8.743105 9.728251 9.919966 9.425172 6.501648 3.820875 0.0 3.822377 6.249133 9.29568 12.386804 14.191235 14.597541 16.974722 16.288109 16.098735 13.5884 11.102882 9.475669 5.817 5.892582 5.024819 6.920286 9.127541 11.18211 9.98612 10.267659 9.85008 9.563995 10.542379 8.877801 11.925599 12.258535 14.370886 11.777877 9.206743 10.39827 10.316631 10.580376 
5.84795 6.659247 8.842417 10.33644 13.763499 15.472854 15.406 15.570027 18.289967 17.921831 21.190472 20.718015 18.919047 17.392198 14.666477 13.532144 14.334201 11.920119 13.355468 13.492084 12.956725 10.218544 6.963588 3.822377 0.0 3.823715 6.368454 9.750852 12.215164 12.605924 15.600549 15.7819 15.835603 13.499863 10.246078 8.599228 5.149787 5.253196 6.301386 7.299048 10.628727 12.328626 10.122146 10.841605 9.853781 10.429475 11.040538 10.166178 13.057925 12.812796 15.631232 13.802317 10.805908 11.309614 10.227062 11.264705 
7.247101 6.78431 9.317776 10.421765 13.335058 15.127511 15.420629 14.808944 17.769974 16.98473 20.287289 19.731092 18.407008 16.276595 13.567131 13.389621 14.293353 12.522498 14.208652 14.364554 14.661103 12.430094 9.708201 6.249133 3.823715 0.0 3.820908 6.344352 8.422281 8.948851 11.912431 12.316412 12.394919 10.345702 6.853698 6.143095 4.131064 6.550224 8.956829 10.777334 13.972741 15.121544 12.474984 12.244631 10.049569 9.910117 9.230646 8.481808 10.741738 10.047056 13.349523 12.316581 9.40216 9.966214 9.172318 11.443789 
10.518668 10.548017 13.100014 13.836831 16.714759 18.148164 18.058189 16.837291 19.401614 17.889915 20.768531 19.534649 17.976843 15.324264 13.380919 13.949151 15.71689 14.69114 17.016332 17.702881 18.195034 15.654337 12.970559 9.29568 6.368454 3.820908 0.0 3.8159 7.197506 8.878204 12.081398 13.205108 12.770181 10.54657 6.77456 5.425195 5.150897 6.922387 10.356296 12.040537 15.372904 15.748813 12.455159 12.051372 9.353336 10.025038 9.348793 10.071123 12.302351 11.938504 15.606207 14.999278 12.554542 13.32359 12.494652 15.064199 
12.821856 12.300118 14.885919 15.452879 17.710662 19.207208 19.482087 17.738898 20.397391 18.602387 21.367468 20.096245 19.090593 15.963861 14.257946 15.674247 17.355255 16.807641 19.084015 19.640483 20.572606 18.454035 16.000982 12.386804 9.750852 6.344352 3.8159 0.0 3.828601 6.157229 9.172734 10.943424 10.604255 9.170866 5.742305 6.280473 7.855014 10.392053 13.896595 15.824925 19.078647 19.314447 15.972843 15.087422 11.868743 11.874155 10.050211 10.902823 12.059852 11.168983 14.978444 15.303491 13.168656 13.750547 13.112297 16.325811 
14.369054 12.98648 15.187733 15.417702 16.926439 18.416888 19.13245 17.05184 19.868493 18.122875 20.915972 20.005113 19.727944 16.508782 14.63373 16.496624 17.680008 17.419844 19.413636 19.750313 21.174954 19.614991 17.598192 14.191235 12.215164 8.422281 7.197506 3.828601 0.0 3.821646 5.678986 7.5573 7.3922 7.121069 4.87796 7.501145 9.826434 13.08321 16.364975 18.706884 21.746783 22.067257 18.944351 17.587407 14.113283 13.141779 10.320438 10.675888 10.559915 9.09441 12.75579 13.95254 12.296796 12.847188 12.813738 16.422667 
13.113764 11.747292 14.279922 15.209638 16.24134 18.415436 19.829776 18.252377 21.494596 20.321612 23.430158 22.969793 22.816751 19.82925 17.541518 18.955973 19.581006 18.736974 20.080213 19.680119 20.792409 19.733566 17.532909 14.597541 12.605924 8.948851 8.878204 6.157229 3.821646 0.0 3.82141 6.60049 8.344715 9.23677 7.282048 10.207212 11.547557 14.855897 17.712323 19.710678 22.893484 23.802899 20.890065 19.96253 16.78596 15.714056 12.944904 12.258138 11.686273 9.037234 12.302939 13.895322 11.68672 11.113334 10.501325 14.276226 
15.88345 13.820153 15.653541 16.020922 16.264639 18.198524 19.899808 17.997719 21.192159 20.064049 23.045378 22.902128 23.378649 20.409154 18.122845 19.886174 20.131133 19.67694 20.814699 20.356449 21.98592 21.387681 19.723302 16.974722 15.600549 11.912431 12.081398 9.172734 5.678986 3.82141 0.0 3.819213 6.278306 8.688576 8.378775 11.994928 13.875819 17.495198 20.232702 22.615927 25.531954 26.349391 23.591575 22.209733 18.850101 17.132727 13.813086 12.896865 11.183066 8.262352 10.853499 13.367394 12.001665 11.634648 11.958076 15.754387 
16.086403 13.268917 14.179107 13.840244 13.546558 15.127019 16.971139 14.988448 18.201033 17.39746 20.454442 20.82863 21.731105 19.129933 16.508525 18.132425 17.809381 17.506109 18.360298 17.906153 20.004778 19.773159 18.750972 16.288109 15.7819 12.316412 13.205108 10.943424 7.5573 6.60049 3.819213 0.0 3.825275 6.90262 7.934387 11.71819 13.548383 17.355281 19.687002 22.459203 24.953783 25.780922 23.395774 21.657549 18.387961 15.997341 12.46824 10.933581 8.376841 5.345652 7.301937 10.232458 9.686876 9.991028 11.515702 15.045777 
17.3963 14.520401 15.032015 13.863738 13.984102 14.653266 15.727171 13.059667 15.801442 14.42748 17.184356 17.33448 18.427804 15.748005 13.39063 15.501766 15.476627 15.908138 17.343355 17.675495 20.194915 19.566591 18.876908 16.098735 15.835603 12.394919 12.770181 10.604255 7.3922 8.344715 6.278306 3.825275 0.0 3.82844 6.350569 9.901777 12.465041 16.213771 18.70689 21.86148 24.085737 24.389675 21.980481 19.738031 16.288173 13.63415 9.865829 9.085117 6.405501 5.213482 7.486996 9.859413 10.217171 11.79394 13.766545 17.119476 
16.152574 13.455407 13.82352 12.280536 13.291999 13.486026 13.729706 10.879719 13.390031 11.616804 14.449588 14.249786 14.910051 12.228222 9.727705 11.853652 12.277196 12.931336 14.969745 15.950612 18.457106 17.260769 16.630871 13.5884 13.499863 10.345702 10.54657 9.170866 7.121069 9.23677 8.688576 6.90262 3.82844 0.0 3.79739 6.571294 9.388232 12.966704 15.501967 18.84279 20.888454 20.886334 18.483269 16.03919 12.574207 9.853137 6.061722 5.974045 4.502405 5.34428 8.299244 9.159261 9.472923 11.885579 13.838691 16.905207 
13.289653 11.212731 12.419751 11.716538 13.554491 14.388864 14.58575 12.390761 15.107679 13.452079 16.449876 15.827214 15.574141 12.765961 10.265811 11.839993 12.810004 12.712592 14.923695 15.750979 17.574511 15.891509 14.512593 11.102882 10.246078 6.853698 6.77456 5.742305 4.87796 7.282048 8.378775 7.934387 6.350569 3.79739 0.0 3.813566 6.457896 10.108729 13.029901 16.017212 18.516219 18.694524 15.968002 14.073829 10.619601 8.794073 5.690083 5.878541 6.4201 6.395193 10.099678 10.307133 9.208759 11.070351 12.087334 15.205989 
13.099377 11.648087 12.759874 11.934064 14.607708 15.025951 14.368074 12.381846 14.577047 12.670254 15.45835 14.330956 13.23796 10.560435 8.242446 9.409007 11.221461 11.175039 14.024821 15.4932 17.022709 14.621979 13.163377 9.475669 8.599228 6.143095 5.425195 6.280473 7.501145 10.207212 11.994928 11.71819 9.901777 6.571294 3.813566 0.0 3.815752 6.843351 10.064859 13.134892 15.512875 15.264365 12.380535 10.389368 6.869637 5.731331 3.999666 5.741264 8.181208 9.302992 12.734679 11.884404 10.72742 12.938011 13.683649 16.249044 
10.153371 9.156105 10.288052 9.98577 13.278226 14.021525 13.339702 12.357113 14.751972 13.623694 16.705247 15.94751 14.380008 12.489525 9.772715 9.401577 10.796974 9.575248 12.113315 13.331919 14.187718 11.445106 9.589146 5.817 5.149787 4.131064 5.150897 7.855014 9.826434 11.547557 13.875819 13.548383 12.465041 9.388232 6.457896 3.815752 0.0 3.820377 6.651005 9.595279 12.131104 12.491514 9.864891 8.697122 6.210271 5.831167 5.997774 6.16914 9.450002 10.300005 13.417311 11.73603 9.847576 11.784214 12.105195 13.993907 
11.009939 11.043628 12.066715 11.959636 15.631234 16.130456 14.864998 14.373497 16.192594 15.118238 17.829579 16.752189 14.402327 13.042708 10.874076 9.674564 11.580865 10.175901 12.877825 14.453755 14.663802 11.263995 9.236657 5.892582 5.253196 6.550224 6.922387 10.392053 13.08321 14.855897 17.495198 17.355281 16.213771 12.966704 10.108729 6.843351 3.820377 0.0 3.82312 6.421767 8.978339 9.019121 6.134786 5.818574 4.768714 6.449696 8.488601 9.208265 12.841993 14.000069 16.896571 14.752602 12.878902 14.684778 14.614374 15.828507 
11.025504 11.21212 11.410131 11.261822 15.082056 15.382437 13.838468 14.262212 15.858522 15.539865 18.271815 17.68693 15.231984 14.796913 12.393072 10.029794 11.177503 8.974174 11.122486 12.699595 12.318512 8.592591 6.978978 5.024819 6.301386 8.956829 10.356296 13.896595 16.364975 17.712323 20.232702 19.687002 18.70689 15.501967 13.029901 10.064859 6.651005 3.82312 0.0 3.82128 5.492305 6.408348 5.078283 5.789925 6.870855 8.105295 10.739721 10.631111 14.340857 15.662344 17.962157 15.176894 13.392275 15.197876 15.243768 15.543998 
11.107657 12.459159 13.110673 13.811623 17.58741 18.289572 16.981522 17.830829 19.441645 19.295209 21.939554 21.263772 18.562259 18.19415 16.072295 13.690455 14.80891 12.356762 13.917405 14.960436 13.642683 9.971593 7.703056 6.920286 7.299048 10.777334 12.040537 15.824925 18.706884 19.710678 22.615927 22.459203 21.86148 18.84279 16.017212 13.134892 9.595279 6.421767 3.82128 0.0 3.821206 5.980281 5.281029 8.028562 9.849199 11.768059 14.373954 14.215762 17.82456 18.71831 21.050314 18.303567 16.078505 17.222285 16.545648 16.332545 
14.006508 14.922351 14.687775 14.777323 18.436904 18.533686 16.6879 17.941451 18.958964 19.164804 21.493291 21.042472 18.230978 18.652143 16.647519 13.641991 14.435282 12.046167 13.358645 14.809547 13.408464 9.74983 8.836986 9.127541 10.628727 13.972741 15.372904 19.078647 21.746783 22.893484 25.531954 24.953783 24.085737 20.888454 18.516219 15.512875 12.131104 8.978339 5.492305 3.821206 0.0 3.8217 5.805117 8.288499 11.138769 12.792995 15.88867 15.682529 19.330424 20.71753 22.613597 19.455087 17.760291 19.2836 19.089418 18.444939 
16.722187 17.352335 17.159941 16.6615 20.353117 19.940817 17.560572 18.19992 18.622437 18.250074 20.033245 19.07327 15.872105 16.498178 15.167845 12.317652 13.884732 12.44677 14.579954 16.798266 16.101755 12.369288 11.801437 11.18211 12.328626 15.121544 15.748813 19.314447 22.067257 23.802899 26.349391 25.780922 24.389675 20.886334 18.694524 15.264365 12.491514 9.019121 6.408348 5.980281 3.8217 0.0 3.819563 5.948226 9.539951 11.747264 15.312333 15.957248 19.738142 21.63168 23.709026 20.636716 19.377235 21.380016 21.47273 21.32324 
15.278458 15.992071 16.478117 16.184693 19.974527 19.884428 17.797113 17.804013 18.607322 17.640556 19.571859 18.167181 14.939407 14.701686 13.513959 11.424683 13.669134 12.513178 15.179722 17.317951 16.951549 13.138718 11.766444 9.98612 10.122146 12.474984 12.455159 15.972843 18.944351 20.890065 23.591575 23.395774 21.980481 18.483269 15.968002 12.380535 9.864891 6.134786 5.078283 5.281029 5.805117 3.819563 0.0 3.820461 6.757483 9.734989 13.092509 14.245194 18.055507 19.749005 22.301191 19.652878 18.148009 20.067016 19.941203 20.398952 
16.32999 16.186166 16.283924 15.200369 18.805061 18.191668 15.771409 15.170855 15.614919 14.222795 15.935513 14.368081 11.15081 10.951241 9.877721 7.940477 10.702035 10.438759 13.710528 16.406887 16.892598 13.26039 12.544959 10.267659 10.841605 12.244631 12.051372 15.087422 17.587407 19.96253 22.209733 21.657549 19.738031 16.03919 14.073829 10.389368 8.697122 5.818574 5.789925 8.028562 8.288499 5.948226 3.820461 0.0 3.820655 6.565948 10.228054 11.914707 15.657373 17.894964 20.354136 17.782597 16.905917 19.402388 19.915364 20.785097 
15.524532 14.926174 15.351518 14.16436 17.560898 17.111962 15.066349 13.715143 14.571085 12.624693 14.587139 12.819636 10.085978 8.69719 7.390475 6.767115 9.913842 10.140363 13.685265 16.227527 17.260301 13.93084 12.954345 9.85008 9.853781 10.049569 9.353336 11.868743 14.113283 16.78596 18.850101 18.387961 16.288173 12.574207 10.619601 6.869637 6.210271 4.768714 6.870855 9.849199 11.138769 9.539951 6.757483 3.820655 0.0 3.818356 6.94527 9.309326 12.865298 15.049733 17.823374 15.763426 14.955688 17.540419 18.199783 19.715603 
15.435116 13.909894 13.700511 11.780212 14.787093 13.953991 11.896198 10.083093 11.077079 9.119477 11.555271 10.40865 8.579734 7.21672 4.459915 3.996641 6.758378 7.54355 11.196558 13.873517 15.635918 12.831311 12.546905 9.563995 10.429475 9.910117 10.025038 11.874155 13.141779 15.714056 17.132727 15.997341 13.63415 9.853137 8.794073 5.731331 5.831167 6.449696 8.105295 11.768059 12.792995 11.747264 9.734989 6.565948 3.818356 0.0 3.820444 6.073089 9.496362 12.197444 14.606138 12.510938 12.364058 15.442676 16.829173 18.472075 
15.327139 13.210289 13.171739 11.188415 13.560481 12.987865 11.705534 9.151632 10.854732 8.688048 11.499966 10.698854 10.104738 7.860142 4.763474 6.261359 7.846281 8.803408 11.940695 14.056781 16.288482 14.120052 13.72507 10.542379 11.040538 9.230646 9.348793 10.050211 10.320438 12.944904 13.813086 12.46824 9.865829 6.061722 5.690083 3.999666 5.997774 8.488601 10.739721 14.373954 15.88867 15.312333 13.092509 10.228054 6.94527 3.820444 0.0 3.824695 6.373101 9.049338 11.680478 10.370318 10.49238 13.603196 15.308788 17.543735 
13.251182 10.490769 9.854309 7.602182 9.753131 9.482899 8.893935 6.873468 9.71203 8.87144 12.428206 12.757247 12.636011 11.124271 7.495255 7.611641 7.355258 7.095387 9.322558 10.78096 13.196032 11.6332 11.537227 8.877801 10.166178 8.481808 10.071123 10.902823 10.675888 12.258138 12.896865 10.933581 9.085117 5.974045 5.878541 5.741264 6.16914 9.208265 10.631111 14.215762 15.682529 15.957248 14.245194 11.914707 9.309326 6.073089 3.824695 0.0 3.818268 6.364313 8.56903 6.727365 6.815051 10.199197 12.392862 14.390413 
15.073276 11.791376 10.973928 8.616904 9.250642 9.014948 9.444234 6.891268 10.028732 9.411533 12.883494 13.753825 14.608199 12.952102 9.574126 10.454689 9.530992 9.706634 11.049419 11.857701 14.743553 14.06614 14.221029 11.925599 13.057925 10.741738 12.302351 12.059852 10.559915 11.686273 11.183066 8.376841 6.405501 4.502405 6.4201 8.181208 9.450002 12.841993 14.340857 17.82456 19.330424 19.738142 18.055507 15.657373 12.865298 9.496362 6.373101 3.818268 0.0 3.821846 5.398028 4.950562 6.328953 9.620398 12.465386 14.822586 
13.577525 10.195123 10.0455 8.846523 8.891475 10.095559 11.705991 9.993795 13.477262 13.208566 16.680504 17.492455 18.215304 16.261121 13.000233 13.821027 12.939766 12.327 13.023492 12.769008 15.14919 14.88935 14.438914 12.258535 12.812796 10.047056 11.938504 11.168983 9.09441 9.037234 8.262352 5.345652 5.213482 5.34428 6.395193 9.302992 10.300005 14.000069 15.662344 18.71831 20.71753 21.63168 19.749005 17.894964 15.049733 12.197444 9.049338 6.364313 3.821846 0.0 3.816987 5.230777 5.028204 7.051906 9.720921 12.577573 
15.645915 11.924957 10.725594 8.979384 7.447348 8.32139 10.705108 9.36982 12.841489 13.414975 16.837963 18.419774 19.677143 18.249524 14.864884 15.354447 13.585598 12.978311 12.772828 12.041896 14.837658 15.456059 15.777144 14.370886 15.631232 13.349523 15.606207 14.978444 12.75579 12.302939 10.853499 7.301937 7.486996 8.299244 10.099678 12.734679 13.417311 16.896571 17.962157 21.050314 22.613597 23.709026 22.301191 20.354136 17.823374 14.606138 11.680478 8.56903 5.398028 3.816987 0.0 3.816992 5.576561 7.512295 10.996517 13.17055 
14.168996 10.428855 8.341525 5.662928 4.62135 4.915584 7.114688 6.486155 10.24551 11.419803 15.11011 16.884424 17.762491 16.88153 13.196346 12.824196 10.59765 9.47451 8.964165 8.393861 11.425306 11.960568 12.791495 11.777877 13.802317 12.316581 14.999278 15.303491 13.95254 13.895322 13.367394 10.232458 9.859413 9.159261 10.307133 11.884404 11.73603 14.752602 15.176894 18.303567 19.455087 20.636716 19.652878 17.782597 15.763426 12.510938 10.370318 6.727365 4.950562 5.230777 3.816992 0.0 3.826274 7.099738 10.729796 12.131083 
10.470579 6.694479 5.279824 4.26587 4.655178 7.032386 9.19346 9.22818 13.033677 13.888382 17.688694 18.916262 19.129805 17.911726 14.217496 13.646462 12.047564 10.047965 9.64427 8.419869 10.33067 10.527319 10.337525 9.206743 10.805908 9.40216 12.554542 13.168656 12.296796 11.68672 12.001665 9.686876 10.217171 9.472923 9.208759 10.72742 9.847576 12.878902 13.392275 16.078505 17.760291 19.377235 18.148009 16.905917 14.955688 12.364058 10.49238 6.815051 6.328953 5.028204 5.576561 3.826274 0.0 3.811275 7.081952 8.71257 
9.048165 5.458314 5.206723 6.616843 6.333493 9.788342 12.489665 12.959135 16.768971 17.694591 21.489402 22.629984 22.716169 21.295539 17.690326 17.145652 15.711944 13.366339 12.556958 10.455959 11.31646 11.976529 11.063522 10.39827 11.309614 9.966214 13.32359 13.750547 12.847188 11.113334 11.634648 9.991028 11.79394 11.885579 11.070351 12.938011 11.784214 14.684778 15.197876 17.222285 19.2836 21.380016 20.067016 19.402388 17.540419 15.442676 13.603196 10.199197 9.620398 7.051906 7.512295 7.099738 3.811275 0.0 3.818109 5.729943 
6.537088 4.16808 6.206723 9.098247 9.666875 13.20599 15.601827 16.186116 19.935061 20.605449 24.38738 25.132965 24.779511 23.127475 19.697575 19.116541 18.192636 15.578807 15.003482 12.859633 12.708439 12.937374 10.977518 10.316631 10.227062 9.172318 12.494652 13.112297 12.813738 10.501325 11.958076 11.515702 13.766545 13.838691 12.087334 13.683649 12.105195 14.614374 15.243768 16.545648 19.089418 21.47273 19.941203 19.915364 18.199783 16.829173 15.308788 12.392862 12.465386 9.720921 10.996517 10.729796 7.081952 3.818109 0.0 3.823918 
6.434926 4.87308 5.578545 9.120958 9.554777 13.219698 15.681982 17.133826 20.756827 21.990449 25.804549 26.83163 26.329291 25.138894 21.567966 20.350314 19.035773 15.904147 14.590348 11.813508 10.717421 11.573306 9.864156 10.580376 11.264705 11.443789 15.064199 16.325811 16.422667 14.276226 15.754387 15.045777 17.119476 16.905207 15.205989 16.249044 13.993907 15.828507 15.543998 16.332545 18.444939 21.32324 20.398952 20.785097 19.715603 18.472075 17.543735 14.390413 14.822586 12.577573 13.17055 12.131083 8.71257 5.729943 3.823918 0.0 

